name: amrfinder
channels:
  - bioconda
  - conda-forge
dependencies:
  - _libgcc_mutex=0.1=conda_forge
  - _openmp_mutex=4.5=2_gnu
  - blast=2.17.0=h66d330f_0
  - bzip2=1.0.8=hda65f42_8
  - c-ares=1.34.6=hb03c661_0
  - ca-certificates=2026.1.4=hbd8a1cb_0
  - curl=8.17.0=h4e3cde8_1
  - entrez-direct=24.0=he881be0_0
  - gsl=2.7=he838d99_0
  - hmmer=3.4=hb6cb901_4
  - icu=78.1=h33c6efd_0
  - keyutils=1.6.3=hb9d3cd8_0
  - krb5=1.21.3=h659f571_0
  - libblas=3.11.0=5_h4a7cf45_openblas
  - libcblas=3.11.0=5_h0358290_openblas
  - libcurl=8.17.0=h4e3cde8_1
  - libedit=3.1.20250104=pl5321h7949ede_0
  - libev=4.33=hd590300_2
  - libgcc=15.2.0=he0feb66_16
  - libgcc-ng=15.2.0=h69a702a_16
  - libgfortran=15.2.0=h69a702a_16
  - libgfortran-ng=15.2.0=h69a702a_16
  - libgfortran5=15.2.0=h68bc16d_16
  - libgomp=15.2.0=he0feb66_16
  - libidn2=2.3.8=hfac485b_1
  - libnghttp2=1.67.0=had1ee68_0
  - libopenblas=0.3.30=pthreads_h94d23a6_4
  - libsqlite=3.51.1=hf4e2dac_1
  - libssh2=1.11.1=hcf80075_0
  - libstdcxx=15.2.0=h934c35e_16
  - libstdcxx-ng=15.2.0=hdf11a46_16
  - libunistring=0.9.10=h7f98852_0
  - libxcrypt=4.4.36=hd590300_1
  - libzlib=1.3.1=hb9d3cd8_2
  - mpi=1.0=openmpi
  - ncbi-amrfinderplus=4.2.5=hf69ffd2_0
  - ncbi-vdb=3.3.0=h9948957_0
  - ncurses=6.5=h2d0b736_3
  - openmpi=4.1.6=hc5af2df_101
  - openssl=3.6.0=h26f9b46_0
  - pcre2=10.45=hc749103_0
  - perl=5.32.1=7_hd590300_perl5
  - perl-archive-tar=3.04=pl5321hdfd78af_0
  - perl-carp=1.50=pl5321hd8ed1ab_0
  - perl-common-sense=3.75=pl5321hd8ed1ab_0
  - perl-compress-raw-bzip2=2.214=pl5321hda65f42_0
  - perl-compress-raw-zlib=2.214=pl5321h4dac143_0
  - perl-encode=3.21=pl5321hb9d3cd8_1
  - perl-exporter=5.74=pl5321hd8ed1ab_0
  - perl-exporter-tiny=1.002002=pl5321hd8ed1ab_0
  - perl-extutils-makemaker=7.70=pl5321hd8ed1ab_0
  - perl-io-compress=2.214=pl5321h503566f_0
  - perl-io-zlib=1.15=pl5321hdfd78af_1
  - perl-json=4.10=pl5321hdfd78af_1
  - perl-json-xs=4.04=pl5321h9948957_0
  - perl-list-moreutils=0.430=pl5321hdfd78af_0
  - perl-list-moreutils-xs=0.430=pl5321h7b50bb2_5
  - perl-parent=0.243=pl5321hd8ed1ab_0
  - perl-pathtools=3.75=pl5321hb9d3cd8_2
  - perl-scalar-list-utils=1.70=pl5321hb03c661_0
  - perl-storable=3.15=pl5321hb9d3cd8_2
  - perl-types-serialiser=1.01=pl5321hdfd78af_0
  - wget=1.25.0=hc2d8bac_0
  - zlib=1.3.1=hb9d3cd8_2
  - zstd=1.5.7=hb78ec9c_6
prefix: /opt/conda/envs/amrfinder
